19.598	0
42.058	511
42.067	512
42.373	8704
42.405	13360
59.876	21552
59.947	29392
79.583	37584
79.665	45776
79.694	53968
79.726	57448
97.225	65640
97.291	68136
212.680	76328
212.740	84520
212.758	85504
213.380	86840
230.298	95032
230.370	103224
230.679	111416
230.718	119608
230.736	127800
230.753	135992
230.853	137608
235.785	145624
252.716	153816
252.893	162008
252.937	164328
253.833	172520
253.888	177688
270.392	180360
287.454	188552
287.523	196744
287.545	204936
287.592	205744
300.618	213760
400.485	215096
403.216	223112
403.433	225784
403.672	228624
403.915	231212
404.147	233800
404.289	235220
404.821	237808
419.216	245992
419.435	247160
419.786	249832
427.685	258024
427.743	259089
