17.867	0
40.964	502
41.153	2672
43.558	5512
44.274	12024
63.552	20216
63.614	28408
63.638	29392
83.693	37408
83.819	45600
83.845	53792
83.861	57448
100.623	65640
100.679	73832
100.695	78824
101.830	86840
105.967	93520
122.958	96360
123.731	104552
123.766	112744
123.783	120936
123.796	124248
125.940	132440
125.999	140632
126.040	141616
148.106	144288
162.610	152480
162.921	160672
162.950	168864
162.965	177056
162.980	185248
162.996	193440
163.010	195056
177.812	201736
182.105	209928
182.245	218120
182.288	226312
182.321	227204
183.365	235396
183.400	237808
201.117	245824
201.375	254016
201.421	259079
