19.013	0
44.219	511
44.226	512
44.369	1336
52.302	4008
54.810	8016
57.832	12024
60.551	13360
115.424	16032
121.600	24224
121.659	30728
143.239	38920
143.298	47112
143.315	55304
143.332	58784
167.202	66976
167.358	75168
167.381	83000
168.818	90848
183.069	92184
189.105	100376
189.153	108568
189.171	116760
189.186	124952
189.210	133144
189.234	141336
189.247	142952
209.532	151144
209.602	154976
212.863	163168
212.903	171360
212.919	176352
215.575	184368
225.101	187040
228.896	195232
228.927	199064
241.732	207080
242.052	215272
242.078	220440
244.669	228632
244.867	236824
244.890	245016
244.905	253208
244.920	259089
