17.001	0
40.329	511
40.338	512
40.471	8704
40.499	13360
59.670	21552
59.727	22712
64.871	29392
79.328	37584
79.386	45424
82.983	53616
83.044	57448
103.835	60120
104.271	68312
104.294	76504
104.308	81496
106.418	89688
106.463	90848
123.538	99040
123.657	107232
123.696	109552
132.566	117744
132.633	125584
142.421	133776
142.729	141616
150.641	148296
150.963	156312
159.220	159152
159.538	167344
159.576	173680
168.303	175016
171.475	183208
171.533	189712
179.671	197904
179.722	205744
196.872	209752
197.376	217944
197.466	221776
199.113	223112
199.663	231304
199.695	239496
199.710	245824
202.347	252504
203.468	253840
218.731	259089
