95.364	0
120.764	511
120.772	512
120.909	8704
120.939	13360
143.980	20040
149.491	28232
149.558	29392
165.964	37408
175.202	40080
178.622	48272
178.668	56464
178.703	57448
197.357	65640
197.415	66800
198.966	74992
199.015	83184
199.030	89512
356.906	90848
361.563	96192
362.221	102872
362.865	109552
363.745	112224
366.230	116232
369.652	124424
369.694	132616
369.713	140280
422.443	148472
422.500	156312
425.359	161656
435.711	169848
435.787	172344
438.054	180536
438.088	185704
454.320	193896
454.395	195056
457.229	201736
504.681	209928
504.738	215096
522.120	223288
522.170	231128
526.709	237808
529.502	246000
529.540	251168
556.882	259089
