18.194	0
41.587	511
41.596	512
41.736	8704
41.765	13360
59.123	21552
59.204	29392
77.129	37584
77.190	38744
80.048	42752
97.132	50944
97.200	59136
97.220	62792
191.598	70984
191.724	79176
191.751	87368
191.766	90848
208.637	92184
211.894	100376
212.653	108568
212.682	116760
212.697	124952
212.709	126920
227.541	135112
227.618	142952
234.512	151144
234.550	159336
234.565	167528
234.577	175016
253.102	183208
253.266	191400
253.288	199592
253.302	200400
256.524	208592
256.567	216784
256.587	224976
256.602	233168
256.618	239144
275.622	247336
275.697	255528
275.717	259089
