20.742	0
67.223	502
67.464	8694
67.512	13360
133.169	21552
133.235	29392
157.146	37584
157.283	45424
184.879	53616
184.938	54776
187.719	62968
187.937	71160
187.970	77488
244.962	82832
247.580	85504
307.326	92184
308.734	97528
336.152	105720
336.216	108216
339.003	116408
339.069	117568
349.372	125760
349.435	133952
349.453	136272
360.402	144464
360.468	149632
371.511	157824
371.569	166016
371.585	174208
371.599	179024
372.600	180360
374.964	181696
398.817	189888
398.870	197728
404.111	205920
404.166	213760
418.788	221952
419.043	230144
419.106	231128
425.782	239320
425.843	247512
425.873	255704
425.979	259079
