21.788	0
45.403	511
45.483	512
45.628	2840
46.668	11032
46.694	13360
66.012	21552
66.070	29392
82.779	32064
85.065	38744
86.108	42752
104.009	50944
104.070	59136
104.086	66800
122.613	74992
122.691	83184
122.709	91376
122.723	98864
140.234	100200
140.502	105544
145.609	113736
145.656	114896
146.350	123088
146.422	131280
146.456	139472
146.489	147664
146.522	150968
163.284	152304
163.769	160496
163.798	168688
163.815	169672
165.736	173680
165.875	181872
165.902	183032
171.289	191048
171.432	199240
171.467	207432
171.492	215624
171.517	216432
185.002	217768
189.007	225960
189.078	234152
189.099	242344
189.113	248496
192.390	256688
192.424	259089
