19.842	0
43.324	511
43.332	512
43.473	8704
43.503	13360
64.050	21552
64.123	28056
81.956	34736
83.880	42928
84.000	45424
190.013	53440
190.318	61632
190.431	69824
190.463	72144
205.697	80336
205.792	88528
205.834	90848
206.928	99040
206.980	107232
207.002	110888
227.726	119080
227.826	127272
227.869	130928
229.786	139120
229.837	144288
245.679	152480
245.852	156312
251.339	164504
251.414	172696
251.440	180888
251.458	189080
251.476	191048
268.265	195056
268.930	203248
268.987	209752
271.047	217944
271.244	226136
271.295	229792
273.348	235136
278.155	241816
290.993	247160
292.594	255352
292.640	259089
