17.894	0
41.105	511
41.461	512
41.621	8704
41.652	13360
59.354	16032
62.075	18788
62.555	26980
62.590	29392
78.466	33400
82.409	36240
83.202	44432
83.270	52624
83.311	57448
97.470	58784
102.749	66976
102.834	75168
102.869	80160
104.410	88352
104.474	93520
118.567	94856
123.729	103048
123.814	111240
123.849	119432
123.881	126920
124.607	135112
124.674	141616
140.996	148296
141.871	156488
141.898	164680
141.916	172344
143.683	180536
143.727	188728
143.743	196920
143.756	199064
145.555	205744
167.285	213936
167.359	222128
167.393	230320
167.428	238512
167.460	239144
168.002	247336
168.033	255528
168.048	259089
