19.092	0
48.619	502
48.967	8694
49.003	13360
69.281	21552
69.351	29392
111.064	37584
111.181	42752
132.919	44088
136.201	46844
136.946	55036
136.986	62792
137.399	66800
154.336	69472
158.274	77664
158.356	82832
159.118	91024
159.150	98864
177.954	102872
183.391	111064
183.484	119256
183.526	127448
183.568	135640
183.611	143832
183.648	148296
184.031	150968
200.134	152304
202.719	160320
203.245	168512
203.290	169672
203.712	177864
203.743	186056
203.778	188376
207.821	189712
208.315	197904
208.344	206096
208.359	214288
208.371	216432
227.342	224624
227.416	232816
227.449	241008
227.465	243152
229.922	244488
230.606	252680
230.667	259079
