16.479	0
38.169	511
38.180	512
38.344	8704
38.381	10688
58.209	18880
58.287	27072
58.320	29392
75.979	37584
76.062	45424
178.742	53616
178.804	61808
178.824	70000
178.837	72312
179.306	76152
198.301	84344
198.376	92536
198.408	100728
198.436	108920
198.465	110888
216.588	119080
216.701	126920
221.706	135112
221.904	143304
221.947	151496
221.970	159688
222.102	160320
233.333	168512
233.394	173680
235.205	181872
235.266	190064
235.297	192384
240.046	199064
241.032	207256
241.077	215448
241.102	223640
241.116	224448
251.668	232640
251.733	236472
257.059	239144
259.322	247336
259.500	255528
259.531	259089
