18.063	0
41.369	511
41.381	512
41.620	8704
41.651	13360
61.776	14780
62.318	22972
62.351	29392
80.462	37584
80.565	42752
184.327	45424
186.784	50768
201.632	52104
202.536	58784
207.146	66800
218.002	68136
218.416	76328
218.461	80160
220.177	82832
226.304	84168
226.613	90848
247.680	99040
247.926	107232
248.200	115424
248.307	122912
268.211	131104
268.533	139296
268.570	147488
268.595	154976
269.269	163168
269.315	169672
273.005	173680
285.882	179024
285.956	181696
290.300	189888
290.362	198080
290.377	206272
290.392	207080
291.908	215272
291.958	219104
391.437	220440
393.320	228632
393.439	236824
393.470	245016
393.487	248496
394.533	256688
394.564	259089
